0 , 7N , 4 , 4 , 4 , 4
1 , 7N , 3 , 3 , 3 , 3
2 , 7N , 2 , 2 , 2 , 2
3 , 7N , 1 , 1 , 1 , 1
4 , 7N , 4 , 4 , 4 , 4
5 , 7N , 3 , 3 , 3 , 3
6 , 7N , 2 , 2 , 2 , 2
7 , 7N , 1 , 1 , 1 , 1
8 , 7N , 4 , 4 , 4 , 4
9 , 7N , 3 , 3 , 3 , 3
10 , 7N , 2 , 2 , 2 , 2
11 , 7N , 1 , 1 , 1 , 1
12 , 7N , 4 , 4 , 4 , 4
13 , 7N , 3 , 3 , 3 , 3
14 , 7N , 2 , 2 , 2 , 2
15 , 7N , 1 , 1 , 1 , 1
16 , 7N , 4 , 4 , 4 , 4
17 , 7N , 3 , 3 , 3 , 3
18 , 7N , 2 , 2 , 2 , 2
19 , 7N , 1 , 1 , 1 , 1
20 , 7N , 4 , 4 , 4 , 4
21 , 7N , 3 , 3 , 3 , 3
22 , 7N , 2 , 2 , 2 , 2
23 , 7N , 1 , 1 , 1 , 1
24 , 7N , 4 , 4 , 4 , 4
25 , 7N , 3 , 3 , 3 , 3
26 , 7N , 2 , 2 , 2 , 2
27 , 7N , 1 , 1 , 1 , 1
28 , 7N , 4 , 4 , 4 , 4
29 , 7N , 3 , 3 , 3 , 3
30 , 7N , 2 , 2 , 2 , 2
31 , 7N , 1 , 1 , 1 , 1
32 , 7N , 4 , 4 , 4 , 4
33 , 7N , 3 , 3 , 3 , 3
34 , 7N , 2 , 2 , 2 , 2
35 , 7N , 1 , 1 , 1 , 1
36 , 7N , 4 , 4 , 4 , 4
37 , 7N , 3 , 3 , 3 , 3
38 , 7N , 2 , 2 , 2 , 2
39 , 7N , 1 , 1 , 1 , 1
40 , 7N , 4 , 4 , 4 , 4
41 , 7N , 3 , 3 , 3 , 3
42 , 7N , 2 , 2 , 2 , 2
43 , 7N , 1 , 1 , 1 , 1
44 , 7N , 4 , 4 , 4 , 4
45 , 7N , 3 , 3 , 3 , 3
46 , 7N , 2 , 2 , 2 , 2
47 , 7N , 1 , 1 , 1 , 1
48 , 7N , 4 , 4 , 4 , 4
49 , 7N , 3 , 3 , 3 , 3
50 , 7N , 2 , 2 , 2 , 2
51 , 7N , 1 , 1 , 1 , 1
52 , 7N , 4 , 4 , 4 , 4
53 , 7N , 3 , 3 , 3 , 3
54 , 7N , 2 , 2 , 2 , 2
55 , 7N , 1 , 1 , 1 , 1
56 , 7N , 4 , 4 , 4 , 4
57 , 7N , 3 , 3 , 3 , 3
58 , 7N , 2 , 2 , 2 , 2
59 , 7N , 1 , 1 , 1 , 1
60 , 7N , 4 , 4 , 4 , 4
61 , 7N , 3 , 3 , 3 , 3
62 , 7N , 2 , 2 , 2 , 2
63 , 7N , 1 , 1 , 1 , 1
64 , 7N , 4 , 4 , 4 , 4
65 , 7N , 3 , 3 , 3 , 3
66 , 7N , 2 , 2 , 2 , 2
67 , 7N , 1 , 1 , 1 , 1
68 , 7N , 4 , 4 , 4 , 4
69 , 7N , 3 , 3 , 3 , 3
70 , 7N , 2 , 2 , 2 , 2
71 , 7N , 1 , 1 , 1 , 1
72 , 7N , 4 , 4 , 4 , 4
73 , 7N , 3 , 3 , 3 , 3
74 , 7N , 2 , 2 , 2 , 2
75 , 7N , 1 , 1 , 1 , 1
76 , 7N , 4 , 4 , 4 , 4
77 , 7N , 3 , 3 , 3 , 3
78 , 7N , 2 , 2 , 2 , 2
79 , 7N , 1 , 1 , 1 , 1
80 , 7N , 4 , 4 , 4 , 4
81 , 7N , 3 , 3 , 3 , 3
82 , 7N , 2 , 2 , 2 , 2
83 , 7N , 1 , 1 , 1 , 1
84 , 7N , 4 , 4 , 4 , 4
85 , 7N , 3 , 3 , 3 , 3
86 , 7N , 2 , 2 , 2 , 2
87 , 7N , 1 , 1 , 1 , 1
88 , 7N , 4 , 4 , 4 , 4
89 , 7N , 3 , 3 , 3 , 3
90 , 7N , 2 , 2 , 2 , 2
91 , 7N , 1 , 1 , 1 , 1
92 , 7N , 4 , 4 , 4 , 4
93 , 7N , 3 , 3 , 3 , 3
94 , 7N , 2 , 2 , 2 , 2
95 , 7N , 1 , 1 , 1 , 1
96 , 7N , 4 , 4 , 4 , 4
97 , 7N , 3 , 3 , 3 , 3
98 , 7N , 2 , 2 , 2 , 2
99 , 7N , 1 , 1 , 1 , 1
100 , 7N , 4 , 4 , 4 , 4
101 , 7N , 3 , 3 , 3 , 3
102 , 7N , 2 , 2 , 2 , 2
103 , 7N , 1 , 1 , 1 , 1
104 , 7N , 4 , 4 , 4 , 4
105 , 7N , 3 , 3 , 3 , 3
106 , 7N , 2 , 2 , 2 , 2
107 , 7N , 1 , 1 , 1 , 1
108 , 7N , 4 , 4 , 4 , 4
109 , 7N , 3 , 3 , 3 , 3
110 , 7N , 2 , 2 , 2 , 2
111 , 7N , 1 , 1 , 1 , 1
112 , 7N , 4 , 4 , 4 , 4
113 , 7N , 3 , 3 , 3 , 3
114 , 7N , 2 , 2 , 2 , 2
115 , 7N , 1 , 1 , 1 , 1
116 , 7N , 4 , 4 , 4 , 4
117 , 7N , 3 , 3 , 3 , 3
118 , 7N , 2 , 2 , 2 , 2
119 , 7N , 1 , 1 , 1 , 1
120 , 7S , 4 , 4 , 4 , 4
121 , 7S , 3 , 3 , 3 , 3
122 , 7S , 2 , 2 , 2 , 2
123 , 7S , 1 , 1 , 1 , 1
124 , 7S , 4 , 4 , 4 , 4
125 , 7S , 3 , 3 , 3 , 3
126 , 7S , 2 , 2 , 2 , 2
127 , 7S , 1 , 1 , 1 , 1
128 , 7S , 4 , 4 , 4 , 4
129 , 7S , 3 , 3 , 3 , 3
130 , 7S , 2 , 2 , 2 , 2
131 , 7S , 1 , 1 , 1 , 1
132 , 7S , 4 , 4 , 4 , 4
133 , 7S , 3 , 3 , 3 , 3
134 , 7S , 2 , 2 , 2 , 2
135 , 7S , 1 , 1 , 1 , 1
136 , 7S , 4 , 4 , 4 , 4
137 , 7S , 3 , 3 , 3 , 3
138 , 7S , 2 , 2 , 2 , 2
139 , 7S , 1 , 1 , 1 , 1
140 , 7S , 4 , 4 , 4 , 4
141 , 7S , 3 , 3 , 3 , 3
142 , 7S , 2 , 2 , 2 , 2
143 , 7S , 1 , 1 , 1 , 1
144 , 7S , 4 , 4 , 4 , 4
145 , 7S , 3 , 3 , 3 , 3
146 , 7S , 2 , 2 , 2 , 2
147 , 7S , 1 , 1 , 1 , 1
148 , 7S , 4 , 4 , 4 , 4
149 , 7S , 3 , 3 , 3 , 3
150 , 7S , 2 , 2 , 2 , 2
151 , 7S , 1 , 1 , 1 , 1
152 , 7S , 4 , 4 , 4 , 4
153 , 7S , 3 , 3 , 3 , 3
154 , 7S , 2 , 2 , 2 , 2
155 , 7S , 1 , 1 , 1 , 1
156 , 7S , 4 , 4 , 4 , 4
157 , 7S , 3 , 3 , 3 , 3
158 , 7S , 2 , 2 , 2 , 2
159 , 7S , 1 , 1 , 1 , 1
160 , 7S , 4 , 4 , 4 , 4
161 , 7S , 3 , 3 , 3 , 3
162 , 7S , 2 , 2 , 2 , 2
163 , 7S , 1 , 1 , 1 , 1
164 , 7S , 4 , 4 , 4 , 4
165 , 7S , 3 , 3 , 3 , 3
166 , 7S , 2 , 2 , 2 , 2
167 , 7S , 1 , 1 , 1 , 1
168 , 7S , 4 , 4 , 4 , 4
169 , 7S , 3 , 3 , 3 , 3
170 , 7S , 2 , 2 , 2 , 2
171 , 7S , 1 , 1 , 1 , 1
172 , 7S , 4 , 4 , 4 , 4
173 , 7S , 3 , 3 , 3 , 3
174 , 7S , 2 , 2 , 2 , 2
175 , 7S , 1 , 1 , 1 , 1
176 , 7S , 4 , 4 , 4 , 4
177 , 7S , 3 , 3 , 3 , 3
178 , 7S , 2 , 2 , 2 , 2
179 , 7S , 1 , 1 , 1 , 1
180 , 7S , 4 , 4 , 4 , 4
181 , 7S , 3 , 3 , 3 , 3
182 , 7S , 2 , 2 , 2 , 2
183 , 7S , 1 , 1 , 1 , 1
184 , 7S , 4 , 4 , 4 , 4
185 , 7S , 3 , 3 , 3 , 3
186 , 7S , 2 , 2 , 2 , 2
187 , 7S , 1 , 1 , 1 , 1
188 , 7S , 4 , 4 , 4 , 4
189 , 7S , 3 , 3 , 3 , 3
190 , 7S , 2 , 2 , 2 , 2
191 , 7S , 1 , 1 , 1 , 1
192 , 7S , 4 , 4 , 4 , 4
193 , 7S , 3 , 3 , 3 , 3
194 , 7S , 2 , 2 , 2 , 2
195 , 7S , 1 , 1 , 1 , 1
196 , 7S , 4 , 4 , 4 , 4
197 , 7S , 3 , 3 , 3 , 3
198 , 7S , 2 , 2 , 2 , 2
199 , 7S , 1 , 1 , 1 , 1
200 , 7S , 4 , 4 , 4 , 4
201 , 7S , 3 , 3 , 3 , 3
202 , 7S , 2 , 2 , 2 , 2
203 , 7S , 1 , 1 , 1 , 1
204 , 7S , 4 , 4 , 4 , 4
205 , 7S , 3 , 3 , 3 , 3
206 , 7S , 2 , 2 , 2 , 2
207 , 7S , 1 , 1 , 1 , 1
208 , 7S , 4 , 4 , 4 , 4
209 , 7S , 3 , 3 , 3 , 3
210 , 7S , 2 , 2 , 2 , 2
211 , 7S , 1 , 1 , 1 , 1
212 , 7S , 4 , 4 , 4 , 4
213 , 7S , 3 , 3 , 3 , 3
214 , 7S , 2 , 2 , 2 , 2
215 , 7S , 1 , 1 , 1 , 1
216 , 7S , 4 , 4 , 4 , 4
217 , 7S , 3 , 3 , 3 , 3
218 , 7S , 2 , 2 , 2 , 2
219 , 7S , 1 , 1 , 1 , 1
220 , 7S , 4 , 4 , 4 , 4
221 , 7S , 3 , 3 , 3 , 3
222 , 7S , 2 , 2 , 2 , 2
223 , 7S , 1 , 1 , 1 , 1
224 , 7S , 4 , 4 , 4 , 4
225 , 7S , 3 , 3 , 3 , 3
226 , 7S , 2 , 2 , 2 , 2
227 , 7S , 1 , 1 , 1 , 1
228 , 7S , 4 , 4 , 4 , 4
229 , 7S , 3 , 3 , 3 , 3
230 , 7S , 2 , 2 , 2 , 2
231 , 7S , 1 , 1 , 1 , 1
232 , 7S , 4 , 4 , 4 , 4
233 , 7S , 3 , 3 , 3 , 3
234 , 7S , 2 , 2 , 2 , 2
235 , 7S , 1 , 1 , 1 , 1
236 , 7S , 4 , 4 , 4 , 4
237 , 7S , 3 , 3 , 3 , 3
238 , 7S , 2 , 2 , 2 , 2
239 , 7S , 1 , 1 , 1 , 1
240 , 8N , 4 , 4 , 4 , 4
241 , 8N , 3 , 3 , 3 , 3
242 , 8N , 2 , 2 , 2 , 2
243 , 8N , 1 , 1 , 1 , 1
244 , 8N , 4 , 4 , 4 , 4
245 , 8N , 3 , 3 , 3 , 3
246 , 8N , 2 , 2 , 2 , 2
247 , 8N , 1 , 1 , 1 , 1
248 , 8N , 4 , 4 , 4 , 4
249 , 8N , 3 , 3 , 3 , 3
250 , 8N , 2 , 2 , 2 , 2
251 , 8N , 1 , 1 , 1 , 1
252 , 8N , 4 , 4 , 4 , 4
253 , 8N , 3 , 3 , 3 , 3
254 , 8N , 2 , 2 , 2 , 2
255 , 8N , 1 , 1 , 1 , 1
256 , 8N , 4 , 4 , 4 , 4
257 , 8N , 3 , 3 , 3 , 3
258 , 8N , 2 , 2 , 2 , 2
259 , 8N , 1 , 1 , 1 , 1
260 , 8N , 4 , 4 , 4 , 4
261 , 8N , 3 , 3 , 3 , 3
262 , 8N , 2 , 2 , 2 , 2
263 , 8N , 1 , 1 , 1 , 1
264 , 8N , 4 , 4 , 4 , 4
265 , 8N , 3 , 3 , 3 , 3
266 , 8N , 2 , 2 , 2 , 2
267 , 8N , 1 , 1 , 1 , 1
268 , 8N , 4 , 4 , 4 , 4
269 , 8N , 3 , 3 , 3 , 3
270 , 8N , 2 , 2 , 2 , 2
271 , 8N , 1 , 1 , 1 , 1
272 , 8N , 4 , 4 , 4 , 4
273 , 8N , 3 , 3 , 3 , 3
274 , 8N , 2 , 2 , 2 , 2
275 , 8N , 1 , 1 , 1 , 1
276 , 8N , 4 , 4 , 4 , 4
277 , 8N , 3 , 3 , 3 , 3
278 , 8N , 2 , 2 , 2 , 2
279 , 8N , 1 , 1 , 1 , 1
280 , 8N , 4 , 4 , 4 , 4
281 , 8N , 3 , 3 , 3 , 3
282 , 8N , 2 , 2 , 2 , 2
283 , 8N , 1 , 1 , 1 , 1
284 , 8N , 4 , 4 , 4 , 4
285 , 8N , 3 , 3 , 3 , 3
286 , 8N , 2 , 2 , 2 , 2
287 , 8N , 1 , 1 , 1 , 1
288 , 8N , 4 , 4 , 4 , 4
289 , 8N , 3 , 3 , 3 , 3
290 , 8N , 2 , 2 , 2 , 2
291 , 8N , 1 , 1 , 1 , 1
292 , 8N , 4 , 4 , 4 , 4
293 , 8N , 3 , 3 , 3 , 3
294 , 8N , 2 , 2 , 2 , 2
295 , 8N , 1 , 1 , 1 , 1
296 , 8N , 4 , 4 , 4 , 4
297 , 8N , 3 , 3 , 3 , 3
298 , 8N , 2 , 2 , 2 , 2
299 , 8N , 1 , 1 , 1 , 1
300 , 8N , 4 , 4 , 4 , 4
301 , 8N , 3 , 3 , 3 , 3
302 , 8N , 2 , 2 , 2 , 2
303 , 8N , 1 , 1 , 1 , 1
304 , 8N , 4 , 4 , 4 , 4
305 , 8N , 3 , 3 , 3 , 3
306 , 8N , 2 , 2 , 2 , 2
307 , 8N , 1 , 1 , 1 , 1
308 , 8N , 4 , 4 , 4 , 4
309 , 8N , 3 , 3 , 3 , 3
310 , 8N , 2 , 2 , 2 , 2
311 , 8N , 1 , 1 , 1 , 1
312 , 8N , 4 , 4 , 4 , 4
313 , 8N , 3 , 3 , 3 , 3
314 , 8N , 2 , 2 , 2 , 2
315 , 8N , 1 , 1 , 1 , 1
316 , 8N , 4 , 4 , 4 , 4
317 , 8N , 3 , 3 , 3 , 3
318 , 8N , 2 , 2 , 2 , 2
319 , 8N , 1 , 1 , 1 , 1
320 , 8N , 4 , 4 , 4 , 4
321 , 8N , 3 , 3 , 3 , 3
322 , 8N , 2 , 2 , 2 , 2
323 , 8N , 1 , 1 , 1 , 1
324 , 8N , 4 , 4 , 4 , 4
325 , 8N , 3 , 3 , 3 , 3
326 , 8N , 2 , 2 , 2 , 2
327 , 8N , 1 , 1 , 1 , 1
328 , 8N , 4 , 4 , 4 , 4
329 , 8N , 3 , 3 , 3 , 3
330 , 8N , 2 , 2 , 2 , 2
331 , 8N , 1 , 1 , 1 , 1
332 , 8N , 4 , 4 , 4 , 4
333 , 8N , 3 , 3 , 3 , 3
334 , 8N , 2 , 2 , 2 , 2
335 , 8N , 1 , 1 , 1 , 1
336 , 8N , 4 , 4 , 4 , 4
337 , 8N , 3 , 3 , 3 , 3
338 , 8N , 2 , 2 , 2 , 2
339 , 8N , 1 , 1 , 1 , 1
340 , 8N , 4 , 4 , 4 , 4
341 , 8N , 3 , 3 , 3 , 3
342 , 8N , 2 , 2 , 2 , 2
343 , 8N , 1 , 1 , 1 , 1
344 , 8N , 4 , 4 , 4 , 4
345 , 8N , 3 , 3 , 3 , 3
346 , 8N , 2 , 2 , 2 , 2
347 , 8N , 1 , 1 , 1 , 1
348 , 8N , 4 , 4 , 4 , 4
349 , 8N , 3 , 3 , 3 , 3
350 , 8N , 2 , 2 , 2 , 2
351 , 8N , 1 , 1 , 1 , 1
352 , 8N , 4 , 4 , 4 , 4
353 , 8N , 3 , 3 , 3 , 3
354 , 8N , 2 , 2 , 2 , 2
355 , 8N , 1 , 1 , 1 , 1
356 , 8N , 4 , 4 , 4 , 4
357 , 8N , 3 , 3 , 3 , 3
358 , 8N , 2 , 2 , 2 , 2
359 , 8N , 1 , 1 , 1 , 1
360 , 8S , 4 , 4 , 4 , 4
361 , 8S , 3 , 3 , 3 , 3
362 , 8S , 2 , 2 , 2 , 2
363 , 8S , 1 , 1 , 1 , 1
364 , 8S , 4 , 4 , 4 , 4
365 , 8S , 3 , 3 , 3 , 3
366 , 8S , 2 , 2 , 2 , 2
367 , 8S , 1 , 1 , 1 , 1
368 , 8S , 4 , 4 , 4 , 4
369 , 8S , 3 , 3 , 3 , 3
370 , 8S , 2 , 2 , 2 , 2
371 , 8S , 1 , 1 , 1 , 1
372 , 8S , 4 , 4 , 4 , 4
373 , 8S , 3 , 3 , 3 , 3
374 , 8S , 2 , 2 , 2 , 2
375 , 8S , 1 , 1 , 1 , 1
376 , 8S , 4 , 4 , 4 , 4
377 , 8S , 3 , 3 , 3 , 3
378 , 8S , 2 , 2 , 2 , 2
379 , 8S , 1 , 1 , 1 , 1
380 , 8S , 4 , 4 , 4 , 4
381 , 8S , 3 , 3 , 3 , 3
382 , 8S , 2 , 2 , 2 , 2
383 , 8S , 1 , 1 , 1 , 1
384 , 8S , 4 , 4 , 4 , 4
385 , 8S , 3 , 3 , 3 , 3
386 , 8S , 2 , 2 , 2 , 2
387 , 8S , 1 , 1 , 1 , 1
388 , 8S , 4 , 4 , 4 , 4
389 , 8S , 3 , 3 , 3 , 3
390 , 8S , 2 , 2 , 2 , 2
391 , 8S , 1 , 1 , 1 , 1
392 , 8S , 4 , 4 , 4 , 4
393 , 8S , 3 , 3 , 3 , 3
394 , 8S , 2 , 2 , 2 , 2
395 , 8S , 1 , 1 , 1 , 1
396 , 8S , 4 , 4 , 4 , 4
397 , 8S , 3 , 3 , 3 , 3
398 , 8S , 2 , 2 , 2 , 2
399 , 8S , 1 , 1 , 1 , 1
400 , 8S , 4 , 4 , 4 , 4
401 , 8S , 3 , 3 , 3 , 3
402 , 8S , 2 , 2 , 2 , 2
403 , 8S , 1 , 1 , 1 , 1
404 , 8S , 4 , 4 , 4 , 4
405 , 8S , 3 , 3 , 3 , 3
406 , 8S , 2 , 2 , 2 , 2
407 , 8S , 1 , 1 , 1 , 1
408 , 8S , 4 , 4 , 4 , 4
409 , 8S , 3 , 3 , 3 , 3
410 , 8S , 2 , 2 , 2 , 2
411 , 8S , 1 , 1 , 1 , 1
412 , 8S , 4 , 4 , 4 , 4
413 , 8S , 3 , 3 , 3 , 3
414 , 8S , 2 , 2 , 2 , 2
415 , 8S , 1 , 1 , 1 , 1
416 , 8S , 4 , 4 , 4 , 4
417 , 8S , 3 , 3 , 3 , 3
418 , 8S , 2 , 2 , 2 , 2
419 , 8S , 1 , 1 , 1 , 1
420 , 8S , 4 , 4 , 4 , 4
421 , 8S , 3 , 3 , 3 , 3
422 , 8S , 2 , 2 , 2 , 2
423 , 8S , 1 , 1 , 1 , 1
424 , 8S , 4 , 4 , 4 , 4
425 , 8S , 3 , 3 , 3 , 3
426 , 8S , 2 , 2 , 2 , 2
427 , 8S , 1 , 1 , 1 , 1
428 , 8S , 4 , 4 , 4 , 4
429 , 8S , 3 , 3 , 3 , 3
430 , 8S , 2 , 2 , 2 , 2
431 , 8S , 1 , 1 , 1 , 1
432 , 8S , 4 , 4 , 4 , 4
433 , 8S , 3 , 3 , 3 , 3
434 , 8S , 2 , 2 , 2 , 2
435 , 8S , 1 , 1 , 1 , 1
436 , 8S , 4 , 4 , 4 , 4
437 , 8S , 3 , 3 , 3 , 3
438 , 8S , 2 , 2 , 2 , 2
439 , 8S , 1 , 1 , 1 , 1
440 , 8S , 4 , 4 , 4 , 4
441 , 8S , 3 , 3 , 3 , 3
442 , 8S , 2 , 2 , 2 , 2
443 , 8S , 1 , 1 , 1 , 1
444 , 8S , 4 , 4 , 4 , 4
445 , 8S , 3 , 3 , 3 , 3
446 , 8S , 2 , 2 , 2 , 2
447 , 8S , 1 , 1 , 1 , 1
448 , 8S , 4 , 4 , 4 , 4
449 , 8S , 3 , 3 , 3 , 3
450 , 8S , 2 , 2 , 2 , 2
451 , 8S , 1 , 1 , 1 , 1
452 , 8S , 4 , 4 , 4 , 4
453 , 8S , 3 , 3 , 3 , 3
454 , 8S , 2 , 2 , 2 , 2
455 , 8S , 1 , 1 , 1 , 1
456 , 8S , 4 , 4 , 4 , 4
457 , 8S , 3 , 3 , 3 , 3
458 , 8S , 2 , 2 , 2 , 2
459 , 8S , 1 , 1 , 1 , 1
460 , 8S , 4 , 4 , 4 , 4
461 , 8S , 3 , 3 , 3 , 3
462 , 8S , 2 , 2 , 2 , 2
463 , 8S , 1 , 1 , 1 , 1
464 , 8S , 4 , 4 , 4 , 4
465 , 8S , 3 , 3 , 3 , 3
466 , 8S , 2 , 2 , 2 , 2
467 , 8S , 1 , 1 , 1 , 1
468 , 8S , 4 , 4 , 4 , 4
469 , 8S , 3 , 3 , 3 , 3
470 , 8S , 2 , 2 , 2 , 2
471 , 8S , 1 , 1 , 1 , 1
472 , 8S , 4 , 4 , 4 , 4
473 , 8S , 3 , 3 , 3 , 3
474 , 8S , 2 , 2 , 2 , 2
475 , 8S , 1 , 1 , 1 , 1
476 , 8S , 4 , 4 , 4 , 4
477 , 8S , 3 , 3 , 3 , 3
478 , 8S , 2 , 2 , 2 , 2
479 , 8S , 1 , 1 , 1 , 1
480 , 9N , 4 , 4 , 4 , 4
481 , 9N , 3 , 3 , 3 , 3
482 , 9N , 2 , 2 , 2 , 2
483 , 9N , 1 , 1 , 1 , 1
484 , 9N , 4 , 4 , 4 , 4
485 , 9N , 3 , 3 , 3 , 3
486 , 9N , 2 , 2 , 2 , 2
487 , 9N , 1 , 1 , 1 , 1
488 , 9N , 4 , 4 , 4 , 4
489 , 9N , 3 , 3 , 3 , 3
490 , 9N , 2 , 2 , 2 , 2
491 , 9N , 1 , 1 , 1 , 1
492 , 9N , 4 , 4 , 4 , 4
493 , 9N , 3 , 3 , 3 , 3
494 , 9N , 2 , 2 , 2 , 2
495 , 9N , 1 , 1 , 1 , 1
496 , 9N , 4 , 4 , 4 , 4
497 , 9N , 3 , 3 , 3 , 3
498 , 9N , 2 , 2 , 2 , 2
499 , 9N , 1 , 1 , 1 , 1
500 , 9N , 4 , 4 , 4 , 4
501 , 9N , 3 , 3 , 3 , 3
502 , 9N , 2 , 2 , 2 , 2
503 , 9N , 1 , 1 , 1 , 1
504 , 9N , 4 , 4 , 4 , 4
505 , 9N , 3 , 3 , 3 , 3
506 , 9N , 2 , 2 , 2 , 2
507 , 9N , 1 , 1 , 1 , 1
508 , 9N , 4 , 4 , 4 , 4
509 , 9N , 3 , 3 , 3 , 3
510 , 9N , 2 , 2 , 2 , 2
511 , 9N , 1 , 1 , 1 , 1
512 , 9N , 4 , 4 , 4 , 4
513 , 9N , 3 , 3 , 3 , 3
514 , 9N , 2 , 2 , 2 , 2
515 , 9N , 1 , 1 , 1 , 1
516 , 9N , 4 , 4 , 4 , 4
517 , 9N , 3 , 3 , 3 , 3
518 , 9N , 2 , 2 , 2 , 2
519 , 9N , 1 , 1 , 1 , 1
520 , 9N , 4 , 4 , 4 , 4
521 , 9N , 3 , 3 , 3 , 3
522 , 9N , 2 , 2 , 2 , 2
523 , 9N , 1 , 1 , 1 , 1
524 , 9N , 4 , 4 , 4 , 4
525 , 9N , 3 , 3 , 3 , 3
526 , 9N , 2 , 2 , 2 , 2
527 , 9N , 1 , 1 , 1 , 1
528 , 9N , 4 , 4 , 4 , 4
529 , 9N , 3 , 3 , 3 , 3
530 , 9N , 2 , 2 , 2 , 2
531 , 9N , 1 , 1 , 1 , 1
532 , 9N , 4 , 4 , 4 , 4
533 , 9N , 3 , 3 , 3 , 3
534 , 9N , 2 , 2 , 2 , 2
535 , 9N , 1 , 1 , 1 , 1
536 , 9N , 4 , 4 , 4 , 4
537 , 9N , 3 , 3 , 3 , 3
538 , 9N , 2 , 2 , 2 , 2
539 , 9N , 1 , 1 , 1 , 1
540 , 9N , 4 , 4 , 4 , 4
541 , 9N , 3 , 3 , 3 , 3
542 , 9N , 2 , 2 , 2 , 2
543 , 9N , 1 , 1 , 1 , 1
544 , 9N , 4 , 4 , 4 , 4
545 , 9N , 3 , 3 , 3 , 3
546 , 9N , 2 , 2 , 2 , 2
547 , 9N , 1 , 1 , 1 , 1
548 , 9N , 4 , 4 , 4 , 4
549 , 9N , 3 , 3 , 3 , 3
550 , 9N , 2 , 2 , 2 , 2
551 , 9N , 1 , 1 , 1 , 1
552 , 9N , 4 , 4 , 4 , 4
553 , 9N , 3 , 3 , 3 , 3
554 , 9N , 2 , 2 , 2 , 2
555 , 9N , 1 , 1 , 1 , 1
556 , 9N , 4 , 4 , 4 , 4
557 , 9N , 3 , 3 , 3 , 3
558 , 9N , 2 , 2 , 2 , 2
559 , 9N , 1 , 1 , 1 , 1
560 , 9N , 4 , 4 , 4 , 4
561 , 9N , 3 , 3 , 3 , 3
562 , 9N , 2 , 2 , 2 , 2
563 , 9N , 1 , 1 , 1 , 1
564 , 9N , 4 , 4 , 4 , 4
565 , 9N , 3 , 3 , 3 , 3
566 , 9N , 2 , 2 , 2 , 2
567 , 9N , 1 , 1 , 1 , 1
568 , 9N , 4 , 4 , 4 , 4
569 , 9N , 3 , 3 , 3 , 3
570 , 9N , 2 , 2 , 2 , 2
571 , 9N , 1 , 1 , 1 , 1
572 , 9N , 4 , 4 , 4 , 4
573 , 9N , 3 , 3 , 3 , 3
574 , 9N , 2 , 2 , 2 , 2
575 , 9N , 1 , 1 , 1 , 1
576 , 9N , 4 , 4 , 4 , 4
577 , 9N , 3 , 3 , 3 , 3
578 , 9N , 2 , 2 , 2 , 2
579 , 9N , 1 , 1 , 1 , 1
580 , 9N , 4 , 4 , 4 , 4
581 , 9N , 3 , 3 , 3 , 3
582 , 9N , 2 , 2 , 2 , 2
583 , 9N , 1 , 1 , 1 , 1
584 , 9N , 4 , 4 , 4 , 4
585 , 9N , 3 , 3 , 3 , 3
586 , 9N , 2 , 2 , 2 , 2
587 , 9N , 1 , 1 , 1 , 1
588 , 9N , 4 , 4 , 4 , 4
589 , 9N , 3 , 3 , 3 , 3
590 , 9N , 2 , 2 , 2 , 2
591 , 9N , 1 , 1 , 1 , 1
592 , 9N , 4 , 4 , 4 , 4
593 , 9N , 3 , 3 , 3 , 3
594 , 9N , 2 , 2 , 2 , 2
595 , 9N , 1 , 1 , 1 , 1
596 , 9N , 4 , 4 , 4 , 4
597 , 9N , 3 , 3 , 3 , 3
598 , 9N , 2 , 2 , 2 , 2
599 , 9N , 1 , 1 , 1 , 1
600 , 9S , 4 , 4 , 4 , 4
601 , 9S , 3 , 3 , 3 , 3
602 , 9S , 2 , 2 , 2 , 2
603 , 9S , 1 , 1 , 1 , 1
604 , 9S , 4 , 4 , 4 , 4
605 , 9S , 3 , 3 , 3 , 3
606 , 9S , 2 , 2 , 2 , 2
607 , 9S , 1 , 1 , 1 , 1
608 , 9S , 4 , 4 , 4 , 4
609 , 9S , 3 , 3 , 3 , 3
610 , 9S , 2 , 2 , 2 , 2
611 , 9S , 1 , 1 , 1 , 1
612 , 9S , 4 , 4 , 4 , 4
613 , 9S , 3 , 3 , 3 , 3
614 , 9S , 2 , 2 , 2 , 2
615 , 9S , 1 , 1 , 1 , 1
616 , 9S , 4 , 4 , 4 , 4
617 , 9S , 3 , 3 , 3 , 3
618 , 9S , 2 , 2 , 2 , 2
619 , 9S , 1 , 1 , 1 , 1
620 , 9S , 4 , 4 , 4 , 4
621 , 9S , 3 , 3 , 3 , 3
622 , 9S , 2 , 2 , 2 , 2
623 , 9S , 1 , 1 , 1 , 1
624 , 9S , 4 , 4 , 4 , 4
625 , 9S , 3 , 3 , 3 , 3
626 , 9S , 2 , 2 , 2 , 2
627 , 9S , 1 , 1 , 1 , 1
628 , 9S , 4 , 4 , 4 , 4
629 , 9S , 3 , 3 , 3 , 3
630 , 9S , 2 , 2 , 2 , 2
631 , 9S , 1 , 1 , 1 , 1
632 , 9S , 4 , 4 , 4 , 4
633 , 9S , 3 , 3 , 3 , 3
634 , 9S , 2 , 2 , 2 , 2
635 , 9S , 1 , 1 , 1 , 1
636 , 9S , 4 , 4 , 4 , 4
637 , 9S , 3 , 3 , 3 , 3
638 , 9S , 2 , 2 , 2 , 2
639 , 9S , 1 , 1 , 1 , 1
640 , 9S , 4 , 4 , 4 , 4
641 , 9S , 3 , 3 , 3 , 3
642 , 9S , 2 , 2 , 2 , 2
643 , 9S , 1 , 1 , 1 , 1
644 , 9S , 4 , 4 , 4 , 4
645 , 9S , 3 , 3 , 3 , 3
646 , 9S , 2 , 2 , 2 , 2
647 , 9S , 1 , 1 , 1 , 1
648 , 9S , 4 , 4 , 4 , 4
649 , 9S , 3 , 3 , 3 , 3
650 , 9S , 2 , 2 , 2 , 2
651 , 9S , 1 , 1 , 1 , 1
652 , 9S , 4 , 4 , 4 , 4
653 , 9S , 3 , 3 , 3 , 3
654 , 9S , 2 , 2 , 2 , 2
655 , 9S , 1 , 1 , 1 , 1
656 , 9S , 4 , 4 , 4 , 4
657 , 9S , 3 , 3 , 3 , 3
658 , 9S , 2 , 2 , 2 , 2
659 , 9S , 1 , 1 , 1 , 1
660 , 9S , 4 , 4 , 4 , 4
661 , 9S , 3 , 3 , 3 , 3
662 , 9S , 2 , 2 , 2 , 2
663 , 9S , 1 , 1 , 1 , 1
664 , 9S , 4 , 4 , 4 , 4
665 , 9S , 3 , 3 , 3 , 3
666 , 9S , 2 , 2 , 2 , 2
667 , 9S , 1 , 1 , 1 , 1
668 , 9S , 4 , 4 , 4 , 4
669 , 9S , 3 , 3 , 3 , 3
670 , 9S , 2 , 2 , 2 , 2
671 , 9S , 1 , 1 , 1 , 1
672 , 9S , 4 , 4 , 4 , 4
673 , 9S , 3 , 3 , 3 , 3
674 , 9S , 2 , 2 , 2 , 2
675 , 9S , 1 , 1 , 1 , 1
676 , 9S , 4 , 4 , 4 , 4
677 , 9S , 3 , 3 , 3 , 3
678 , 9S , 2 , 2 , 2 , 2
679 , 9S , 1 , 1 , 1 , 1
680 , 9S , 4 , 4 , 4 , 4
681 , 9S , 3 , 3 , 3 , 3
682 , 9S , 2 , 2 , 2 , 2
683 , 9S , 1 , 1 , 1 , 1
684 , 9S , 4 , 4 , 4 , 4
685 , 9S , 3 , 3 , 3 , 3
686 , 9S , 2 , 2 , 2 , 2
687 , 9S , 1 , 1 , 1 , 1
688 , 9S , 4 , 4 , 4 , 4
689 , 9S , 3 , 3 , 3 , 3
690 , 9S , 2 , 2 , 2 , 2
691 , 9S , 1 , 1 , 1 , 1
692 , 9S , 4 , 4 , 4 , 4
693 , 9S , 3 , 3 , 3 , 3
694 , 9S , 2 , 2 , 2 , 2
695 , 9S , 1 , 1 , 1 , 1
696 , 9S , 4 , 4 , 4 , 4
697 , 9S , 3 , 3 , 3 , 3
698 , 9S , 2 , 2 , 2 , 2
699 , 9S , 1 , 1 , 1 , 1
700 , 9S , 4 , 4 , 4 , 4
701 , 9S , 3 , 3 , 3 , 3
702 , 9S , 2 , 2 , 2 , 2
703 , 9S , 1 , 1 , 1 , 1
704 , 9S , 4 , 4 , 4 , 4
705 , 9S , 3 , 3 , 3 , 3
706 , 9S , 2 , 2 , 2 , 2
707 , 9S , 1 , 1 , 1 , 1
708 , 9S , 4 , 4 , 4 , 4
709 , 9S , 3 , 3 , 3 , 3
710 , 9S , 2 , 2 , 2 , 2
711 , 9S , 1 , 1 , 1 , 1
712 , 9S , 4 , 4 , 4 , 4
713 , 9S , 3 , 3 , 3 , 3
714 , 9S , 2 , 2 , 2 , 2
715 , 9S , 1 , 1 , 1 , 1
716 , 9S , 4 , 4 , 4 , 4
717 , 9S , 3 , 3 , 3 , 3
718 , 9S , 2 , 2 , 2 , 2
719 , 9S , 1 , 1 , 1 , 1
720 , 10N , 4 , 4 , 4 , 4
721 , 10N , 3 , 3 , 3 , 3
722 , 10N , 2 , 2 , 2 , 2
723 , 10N , 1 , 1 , 1 , 1
724 , 10N , 4 , 4 , 4 , 4
725 , 10N , 3 , 3 , 3 , 3
726 , 10N , 2 , 2 , 2 , 2
727 , 10N , 1 , 1 , 1 , 1
728 , 10N , 4 , 4 , 4 , 4
729 , 10N , 3 , 3 , 3 , 3
730 , 10N , 2 , 2 , 2 , 2
731 , 10N , 1 , 1 , 1 , 1
732 , 10N , 4 , 4 , 4 , 4
733 , 10N , 3 , 3 , 3 , 3
734 , 10N , 2 , 2 , 2 , 2
735 , 10N , 1 , 1 , 1 , 1
736 , 10N , 4 , 4 , 4 , 4
737 , 10N , 3 , 3 , 3 , 3
738 , 10N , 2 , 2 , 2 , 2
739 , 10N , 1 , 1 , 1 , 1
740 , 10N , 4 , 4 , 4 , 4
741 , 10N , 3 , 3 , 3 , 3
742 , 10N , 2 , 2 , 2 , 2
743 , 10N , 1 , 1 , 1 , 1
744 , 10N , 4 , 4 , 4 , 4
745 , 10N , 3 , 3 , 3 , 3
746 , 10N , 2 , 2 , 2 , 2
747 , 10N , 1 , 1 , 1 , 1
748 , 10N , 4 , 4 , 4 , 4
749 , 10N , 3 , 3 , 3 , 3
750 , 10N , 2 , 2 , 2 , 2
751 , 10N , 1 , 1 , 1 , 1
752 , 10N , 4 , 4 , 4 , 4
753 , 10N , 3 , 3 , 3 , 3
754 , 10N , 2 , 2 , 2 , 2
755 , 10N , 1 , 1 , 1 , 1
756 , 10N , 4 , 4 , 4 , 4
757 , 10N , 3 , 3 , 3 , 3
758 , 10N , 2 , 2 , 2 , 2
759 , 10N , 1 , 1 , 1 , 1
760 , 10N , 4 , 4 , 4 , 4
761 , 10N , 3 , 3 , 3 , 3
762 , 10N , 2 , 2 , 2 , 2
763 , 10N , 1 , 1 , 1 , 1
764 , 10N , 4 , 4 , 4 , 4
765 , 10N , 3 , 3 , 3 , 3
766 , 10N , 2 , 2 , 2 , 2
767 , 10N , 1 , 1 , 1 , 1
768 , 10N , 4 , 4 , 4 , 4
769 , 10N , 3 , 3 , 3 , 3
770 , 10N , 2 , 2 , 2 , 2
771 , 10N , 1 , 1 , 1 , 1
772 , 10N , 4 , 4 , 4 , 4
773 , 10N , 3 , 3 , 3 , 3
774 , 10N , 2 , 2 , 2 , 2
775 , 10N , 1 , 1 , 1 , 1
776 , 10N , 4 , 4 , 4 , 4
777 , 10N , 3 , 3 , 3 , 3
778 , 10N , 2 , 2 , 2 , 2
779 , 10N , 1 , 1 , 1 , 1
780 , 10N , 4 , 4 , 4 , 4
781 , 10N , 3 , 3 , 3 , 3
782 , 10N , 2 , 2 , 2 , 2
783 , 10N , 1 , 1 , 1 , 1
784 , 10N , 4 , 4 , 4 , 4
785 , 10N , 3 , 3 , 3 , 3
786 , 10N , 2 , 2 , 2 , 2
787 , 10N , 1 , 1 , 1 , 1
788 , 10N , 4 , 4 , 4 , 4
789 , 10N , 3 , 3 , 3 , 3
790 , 10N , 2 , 2 , 2 , 2
791 , 10N , 1 , 1 , 1 , 1
792 , 10N , 4 , 4 , 4 , 4
793 , 10N , 3 , 3 , 3 , 3
794 , 10N , 2 , 2 , 2 , 2
795 , 10N , 1 , 1 , 1 , 1
796 , 10N , 4 , 4 , 4 , 4
797 , 10N , 3 , 3 , 3 , 3
798 , 10N , 2 , 2 , 2 , 2
799 , 10N , 1 , 1 , 1 , 1
800 , 10N , 4 , 4 , 4 , 4
801 , 10N , 3 , 3 , 3 , 3
802 , 10N , 2 , 2 , 2 , 2
803 , 10N , 1 , 1 , 1 , 1
804 , 10N , 4 , 4 , 4 , 4
805 , 10N , 3 , 3 , 3 , 3
806 , 10N , 2 , 2 , 2 , 2
807 , 10N , 1 , 1 , 1 , 1
808 , 10N , 4 , 4 , 4 , 4
809 , 10N , 3 , 3 , 3 , 3
810 , 10N , 2 , 2 , 2 , 2
811 , 10N , 1 , 1 , 1 , 1
812 , 10N , 4 , 4 , 4 , 4
813 , 10N , 3 , 3 , 3 , 3
814 , 10N , 2 , 2 , 2 , 2
815 , 10N , 1 , 1 , 1 , 1
816 , 10N , 4 , 4 , 4 , 4
817 , 10N , 3 , 3 , 3 , 3
818 , 10N , 2 , 2 , 2 , 2
819 , 10N , 1 , 1 , 1 , 1
820 , 10N , 4 , 4 , 4 , 4
821 , 10N , 3 , 3 , 3 , 3
822 , 10N , 2 , 2 , 2 , 2
823 , 10N , 1 , 1 , 1 , 1
824 , 10N , 4 , 4 , 4 , 4
825 , 10N , 3 , 3 , 3 , 3
826 , 10N , 2 , 2 , 2 , 2
827 , 10N , 1 , 1 , 1 , 1
828 , 10N , 4 , 4 , 4 , 4
829 , 10N , 3 , 3 , 3 , 3
830 , 10N , 2 , 2 , 2 , 2
831 , 10N , 1 , 1 , 1 , 1
832 , 10N , 4 , 4 , 4 , 4
833 , 10N , 3 , 3 , 3 , 3
834 , 10N , 2 , 2 , 2 , 2
835 , 10N , 1 , 1 , 1 , 1
836 , 10N , 4 , 4 , 4 , 4
837 , 10N , 3 , 3 , 3 , 3
838 , 10N , 2 , 2 , 2 , 2
839 , 10N , 1 , 1 , 1 , 1
840 , 10S , 4 , 4 , 4 , 4
841 , 10S , 3 , 3 , 3 , 3
842 , 10S , 2 , 2 , 2 , 2
843 , 10S , 1 , 1 , 1 , 1
844 , 10S , 4 , 4 , 4 , 4
845 , 10S , 3 , 3 , 3 , 3
846 , 10S , 2 , 2 , 2 , 2
847 , 10S , 1 , 1 , 1 , 1
848 , 10S , 4 , 4 , 4 , 4
849 , 10S , 3 , 3 , 3 , 3
850 , 10S , 2 , 2 , 2 , 2
851 , 10S , 1 , 1 , 1 , 1
852 , 10S , 4 , 4 , 4 , 4
853 , 10S , 3 , 3 , 3 , 3
854 , 10S , 2 , 2 , 2 , 2
855 , 10S , 1 , 1 , 1 , 1
856 , 10S , 4 , 4 , 4 , 4
857 , 10S , 3 , 3 , 3 , 3
858 , 10S , 2 , 2 , 2 , 2
859 , 10S , 1 , 1 , 1 , 1
860 , 10S , 4 , 4 , 4 , 4
861 , 10S , 3 , 3 , 3 , 3
862 , 10S , 2 , 2 , 2 , 2
863 , 10S , 1 , 1 , 1 , 1
864 , 10S , 4 , 4 , 4 , 4
865 , 10S , 3 , 3 , 3 , 3
866 , 10S , 2 , 2 , 2 , 2
867 , 10S , 1 , 1 , 1 , 1
868 , 10S , 4 , 4 , 4 , 4
869 , 10S , 3 , 3 , 3 , 3
870 , 10S , 2 , 2 , 2 , 2
871 , 10S , 1 , 1 , 1 , 1
872 , 10S , 4 , 4 , 4 , 4
873 , 10S , 3 , 3 , 3 , 3
874 , 10S , 2 , 2 , 2 , 2
875 , 10S , 1 , 1 , 1 , 1
876 , 10S , 4 , 4 , 4 , 4
877 , 10S , 3 , 3 , 3 , 3
878 , 10S , 2 , 2 , 2 , 2
879 , 10S , 1 , 1 , 1 , 1
880 , 10S , 4 , 4 , 4 , 4
881 , 10S , 3 , 3 , 3 , 3
882 , 10S , 2 , 2 , 2 , 2
883 , 10S , 1 , 1 , 1 , 1
884 , 10S , 4 , 4 , 4 , 4
885 , 10S , 3 , 3 , 3 , 3
886 , 10S , 2 , 2 , 2 , 2
887 , 10S , 1 , 1 , 1 , 1
888 , 10S , 4 , 4 , 4 , 4
889 , 10S , 3 , 3 , 3 , 3
890 , 10S , 2 , 2 , 2 , 2
891 , 10S , 1 , 1 , 1 , 1
892 , 10S , 4 , 4 , 4 , 4
893 , 10S , 3 , 3 , 3 , 3
894 , 10S , 2 , 2 , 2 , 2
895 , 10S , 1 , 1 , 1 , 1
896 , 10S , 4 , 4 , 4 , 4
897 , 10S , 3 , 3 , 3 , 3
898 , 10S , 2 , 2 , 2 , 2
899 , 10S , 1 , 1 , 1 , 1
900 , 10S , 4 , 4 , 4 , 4
901 , 10S , 3 , 3 , 3 , 3
902 , 10S , 2 , 2 , 2 , 2
903 , 10S , 1 , 1 , 1 , 1
904 , 10S , 4 , 4 , 4 , 4
905 , 10S , 3 , 3 , 3 , 3
906 , 10S , 2 , 2 , 2 , 2
907 , 10S , 1 , 1 , 1 , 1
908 , 10S , 4 , 4 , 4 , 4
909 , 10S , 3 , 3 , 3 , 3
910 , 10S , 2 , 2 , 2 , 2
911 , 10S , 1 , 1 , 1 , 1
912 , 10S , 4 , 4 , 4 , 4
913 , 10S , 3 , 3 , 3 , 3
914 , 10S , 2 , 2 , 2 , 2
915 , 10S , 1 , 1 , 1 , 1
916 , 10S , 4 , 4 , 4 , 4
917 , 10S , 3 , 3 , 3 , 3
918 , 10S , 2 , 2 , 2 , 2
919 , 10S , 1 , 1 , 1 , 1
920 , 10S , 4 , 4 , 4 , 4
921 , 10S , 3 , 3 , 3 , 3
922 , 10S , 2 , 2 , 2 , 2
923 , 10S , 1 , 1 , 1 , 1
924 , 10S , 4 , 4 , 4 , 4
925 , 10S , 3 , 3 , 3 , 3
926 , 10S , 2 , 2 , 2 , 2
927 , 10S , 1 , 1 , 1 , 1
928 , 10S , 4 , 4 , 4 , 4
929 , 10S , 3 , 3 , 3 , 3
930 , 10S , 2 , 2 , 2 , 2
931 , 10S , 1 , 1 , 1 , 1
932 , 10S , 4 , 4 , 4 , 4
933 , 10S , 3 , 3 , 3 , 3
934 , 10S , 2 , 2 , 2 , 2
935 , 10S , 1 , 1 , 1 , 1
936 , 10S , 4 , 4 , 4 , 4
937 , 10S , 3 , 3 , 3 , 3
938 , 10S , 2 , 2 , 2 , 2
939 , 10S , 1 , 1 , 1 , 1
940 , 10S , 4 , 4 , 4 , 4
941 , 10S , 3 , 3 , 3 , 3
942 , 10S , 2 , 2 , 2 , 2
943 , 10S , 1 , 1 , 1 , 1
944 , 10S , 4 , 4 , 4 , 4
945 , 10S , 3 , 3 , 3 , 3
946 , 10S , 2 , 2 , 2 , 2
947 , 10S , 1 , 1 , 1 , 1
948 , 10S , 4 , 4 , 4 , 4
949 , 10S , 3 , 3 , 3 , 3
950 , 10S , 2 , 2 , 2 , 2
951 , 10S , 1 , 1 , 1 , 1
952 , 10S , 4 , 4 , 4 , 4
953 , 10S , 3 , 3 , 3 , 3
954 , 10S , 2 , 2 , 2 , 2
955 , 10S , 1 , 1 , 1 , 1
956 , 10S , 4 , 4 , 4 , 4
957 , 10S , 3 , 3 , 3 , 3
958 , 10S , 2 , 2 , 2 , 2
959 , 10S , 1 , 1 , 1 , 1
960 , 11N , 4 , 4 , 4 , 4
961 , 11N , 3 , 3 , 3 , 3
962 , 11N , 2 , 2 , 2 , 2
963 , 11N , 1 , 1 , 1 , 1
964 , 11N , 4 , 4 , 4 , 4
965 , 11N , 3 , 3 , 3 , 3
966 , 11N , 2 , 2 , 2 , 2
967 , 11N , 1 , 1 , 1 , 1
968 , 11N , 4 , 4 , 4 , 4
969 , 11N , 3 , 3 , 3 , 3
970 , 11N , 2 , 2 , 2 , 2
971 , 11N , 1 , 1 , 1 , 1
972 , 11N , 4 , 4 , 4 , 4
973 , 11N , 3 , 3 , 3 , 3
974 , 11N , 2 , 2 , 2 , 2
975 , 11N , 1 , 1 , 1 , 1
976 , 11N , 4 , 4 , 4 , 4
977 , 11N , 3 , 3 , 3 , 3
978 , 11N , 2 , 2 , 2 , 2
979 , 11N , 1 , 1 , 1 , 1
980 , 11N , 4 , 4 , 4 , 4
981 , 11N , 3 , 3 , 3 , 3
982 , 11N , 2 , 2 , 2 , 2
983 , 11N , 1 , 1 , 1 , 1
984 , 11N , 4 , 4 , 4 , 4
985 , 11N , 3 , 3 , 3 , 3
986 , 11N , 2 , 2 , 2 , 2
987 , 11N , 1 , 1 , 1 , 1
988 , 11N , 4 , 4 , 4 , 4
989 , 11N , 3 , 3 , 3 , 3
990 , 11N , 2 , 2 , 2 , 2
991 , 11N , 1 , 1 , 1 , 1
992 , 11N , 4 , 4 , 4 , 4
993 , 11N , 3 , 3 , 3 , 3
994 , 11N , 2 , 2 , 2 , 2
995 , 11N , 1 , 1 , 1 , 1
996 , 11N , 4 , 4 , 4 , 4
997 , 11N , 3 , 3 , 3 , 3
998 , 11N , 2 , 2 , 2 , 2
999 , 11N , 1 , 1 , 1 , 1
1000 , 11N , 4 , 4 , 4 , 4
1001 , 11N , 3 , 3 , 3 , 3
1002 , 11N , 2 , 2 , 2 , 2
1003 , 11N , 1 , 1 , 1 , 1
1004 , 11N , 4 , 4 , 4 , 4
1005 , 11N , 3 , 3 , 3 , 3
1006 , 11N , 2 , 2 , 2 , 2
1007 , 11N , 1 , 1 , 1 , 1
1008 , 11N , 4 , 4 , 4 , 4
1009 , 11N , 3 , 3 , 3 , 3
1010 , 11N , 2 , 2 , 2 , 2
1011 , 11N , 1 , 1 , 1 , 1
1012 , 11N , 4 , 4 , 4 , 4
1013 , 11N , 3 , 3 , 3 , 3
1014 , 11N , 2 , 2 , 2 , 2
1015 , 11N , 1 , 1 , 1 , 1
1016 , 11N , 4 , 4 , 4 , 4
1017 , 11N , 3 , 3 , 3 , 3
1018 , 11N , 2 , 2 , 2 , 2
1019 , 11N , 1 , 1 , 1 , 1
1020 , 11N , 4 , 4 , 4 , 4
1021 , 11N , 3 , 3 , 3 , 3
1022 , 11N , 2 , 2 , 2 , 2
1023 , 11N , 1 , 1 , 1 , 1
1024 , 11N , 4 , 4 , 4 , 4
1025 , 11N , 3 , 3 , 3 , 3
1026 , 11N , 2 , 2 , 2 , 2
1027 , 11N , 1 , 1 , 1 , 1
1028 , 11N , 4 , 4 , 4 , 4
1029 , 11N , 3 , 3 , 3 , 3
1030 , 11N , 2 , 2 , 2 , 2
1031 , 11N , 1 , 1 , 1 , 1
1032 , 11N , 4 , 4 , 4 , 4
1033 , 11N , 3 , 3 , 3 , 3
1034 , 11N , 2 , 2 , 2 , 2
1035 , 11N , 1 , 1 , 1 , 1
1036 , 11N , 4 , 4 , 4 , 4
1037 , 11N , 3 , 3 , 3 , 3
1038 , 11N , 2 , 2 , 2 , 2
1039 , 11N , 1 , 1 , 1 , 1
1040 , 11N , 4 , 4 , 4 , 4
1041 , 11N , 3 , 3 , 3 , 3
1042 , 11N , 2 , 2 , 2 , 2
1043 , 11N , 1 , 1 , 1 , 1
1044 , 11N , 4 , 4 , 4 , 4
1045 , 11N , 3 , 3 , 3 , 3
1046 , 11N , 2 , 2 , 2 , 2
1047 , 11N , 1 , 1 , 1 , 1
1048 , 11N , 4 , 4 , 4 , 4
1049 , 11N , 3 , 3 , 3 , 3
1050 , 11N , 2 , 2 , 2 , 2
1051 , 11N , 1 , 1 , 1 , 1
1052 , 11N , 4 , 4 , 4 , 4
1053 , 11N , 3 , 3 , 3 , 3
1054 , 11N , 2 , 2 , 2 , 2
1055 , 11N , 1 , 1 , 1 , 1
1056 , 11N , 4 , 4 , 4 , 4
1057 , 11N , 3 , 3 , 3 , 3
1058 , 11N , 2 , 2 , 2 , 2
1059 , 11N , 1 , 1 , 1 , 1
1060 , 11N , 4 , 4 , 4 , 4
1061 , 11N , 3 , 3 , 3 , 3
1062 , 11N , 2 , 2 , 2 , 2
1063 , 11N , 1 , 1 , 1 , 1
1064 , 11N , 4 , 4 , 4 , 4
1065 , 11N , 3 , 3 , 3 , 3
1066 , 11N , 2 , 2 , 2 , 2
1067 , 11N , 1 , 1 , 1 , 1
1068 , 11N , 4 , 4 , 4 , 4
1069 , 11N , 3 , 3 , 3 , 3
1070 , 11N , 2 , 2 , 2 , 2
1071 , 11N , 1 , 1 , 1 , 1
1072 , 11N , 4 , 4 , 4 , 4
1073 , 11N , 3 , 3 , 3 , 3
1074 , 11N , 2 , 2 , 2 , 2
1075 , 11N , 1 , 1 , 1 , 1
1076 , 11N , 4 , 4 , 4 , 4
1077 , 11N , 3 , 3 , 3 , 3
1078 , 11N , 2 , 2 , 2 , 2
1079 , 11N , 1 , 1 , 1 , 1
1080 , 11S , 4 , 4 , 4 , 4
1081 , 11S , 3 , 3 , 3 , 3
1082 , 11S , 2 , 2 , 2 , 2
1083 , 11S , 1 , 1 , 1 , 1
1084 , 11S , 4 , 4 , 4 , 4
1085 , 11S , 3 , 3 , 3 , 3
1086 , 11S , 2 , 2 , 2 , 2
1087 , 11S , 1 , 1 , 1 , 1
1088 , 11S , 4 , 4 , 4 , 4
1089 , 11S , 3 , 3 , 3 , 3
1090 , 11S , 2 , 2 , 2 , 2
1091 , 11S , 1 , 1 , 1 , 1
1092 , 11S , 4 , 4 , 4 , 4
1093 , 11S , 3 , 3 , 3 , 3
1094 , 11S , 2 , 2 , 2 , 2
1095 , 11S , 1 , 1 , 1 , 1
1096 , 11S , 4 , 4 , 4 , 4
1097 , 11S , 3 , 3 , 3 , 3
1098 , 11S , 2 , 2 , 2 , 2
1099 , 11S , 1 , 1 , 1 , 1
1100 , 11S , 4 , 4 , 4 , 4
1101 , 11S , 3 , 3 , 3 , 3
1102 , 11S , 2 , 2 , 2 , 2
1103 , 11S , 1 , 1 , 1 , 1
1104 , 11S , 4 , 4 , 4 , 4
1105 , 11S , 3 , 3 , 3 , 3
1106 , 11S , 2 , 2 , 2 , 2
1107 , 11S , 1 , 1 , 1 , 1
1108 , 11S , 4 , 4 , 4 , 4
1109 , 11S , 3 , 3 , 3 , 3
1110 , 11S , 2 , 2 , 2 , 2
1111 , 11S , 1 , 1 , 1 , 1
1112 , 11S , 4 , 4 , 4 , 4
1113 , 11S , 3 , 3 , 3 , 3
1114 , 11S , 2 , 2 , 2 , 2
1115 , 11S , 1 , 1 , 1 , 1
1116 , 11S , 4 , 4 , 4 , 4
1117 , 11S , 3 , 3 , 3 , 3
1118 , 11S , 2 , 2 , 2 , 2
1119 , 11S , 1 , 1 , 1 , 1
1120 , 11S , 4 , 4 , 4 , 4
1121 , 11S , 3 , 3 , 3 , 3
1122 , 11S , 2 , 2 , 2 , 2
1123 , 11S , 1 , 1 , 1 , 1
1124 , 11S , 4 , 4 , 4 , 4
1125 , 11S , 3 , 3 , 3 , 3
1126 , 11S , 2 , 2 , 2 , 2
1127 , 11S , 1 , 1 , 1 , 1
1128 , 11S , 4 , 4 , 4 , 4
1129 , 11S , 3 , 3 , 3 , 3
1130 , 11S , 2 , 2 , 2 , 2
1131 , 11S , 1 , 1 , 1 , 1
1132 , 11S , 4 , 4 , 4 , 4
1133 , 11S , 3 , 3 , 3 , 3
1134 , 11S , 2 , 2 , 2 , 2
1135 , 11S , 1 , 1 , 1 , 1
1136 , 11S , 4 , 4 , 4 , 4
1137 , 11S , 3 , 3 , 3 , 3
1138 , 11S , 2 , 2 , 2 , 2
1139 , 11S , 1 , 1 , 1 , 1
1140 , 11S , 4 , 4 , 4 , 4
1141 , 11S , 3 , 3 , 3 , 3
1142 , 11S , 2 , 2 , 2 , 2
1143 , 11S , 1 , 1 , 1 , 1
1144 , 11S , 4 , 4 , 4 , 4
1145 , 11S , 3 , 3 , 3 , 3
1146 , 11S , 2 , 2 , 2 , 2
1147 , 11S , 1 , 1 , 1 , 1
1148 , 11S , 4 , 4 , 4 , 4
1149 , 11S , 3 , 3 , 3 , 3
1150 , 11S , 2 , 2 , 2 , 2
1151 , 11S , 1 , 1 , 1 , 1
1152 , 11S , 4 , 4 , 4 , 4
1153 , 11S , 3 , 3 , 3 , 3
1154 , 11S , 2 , 2 , 2 , 2
1155 , 11S , 1 , 1 , 1 , 1
1156 , 11S , 4 , 4 , 4 , 4
1157 , 11S , 3 , 3 , 3 , 3
1158 , 11S , 2 , 2 , 2 , 2
1159 , 11S , 1 , 1 , 1 , 1
1160 , 11S , 4 , 4 , 4 , 4
1161 , 11S , 3 , 3 , 3 , 3
1162 , 11S , 2 , 2 , 2 , 2
1163 , 11S , 1 , 1 , 1 , 1
1164 , 11S , 4 , 4 , 4 , 4
1165 , 11S , 3 , 3 , 3 , 3
1166 , 11S , 2 , 2 , 2 , 2
1167 , 11S , 1 , 1 , 1 , 1
1168 , 11S , 4 , 4 , 4 , 4
1169 , 11S , 3 , 3 , 3 , 3
1170 , 11S , 2 , 2 , 2 , 2
1171 , 11S , 1 , 1 , 1 , 1
1172 , 11S , 4 , 4 , 4 , 4
1173 , 11S , 3 , 3 , 3 , 3
1174 , 11S , 2 , 2 , 2 , 2
1175 , 11S , 1 , 1 , 1 , 1
1176 , 11S , 4 , 4 , 4 , 4
1177 , 11S , 3 , 3 , 3 , 3
1178 , 11S , 2 , 2 , 2 , 2
1179 , 11S , 1 , 1 , 1 , 1
1180 , 11S , 4 , 4 , 4 , 4
1181 , 11S , 3 , 3 , 3 , 3
1182 , 11S , 2 , 2 , 2 , 2
1183 , 11S , 1 , 1 , 1 , 1
1184 , 11S , 4 , 4 , 4 , 4
1185 , 11S , 3 , 3 , 3 , 3
1186 , 11S , 2 , 2 , 2 , 2
1187 , 11S , 1 , 1 , 1 , 1
1188 , 11S , 4 , 4 , 4 , 4
1189 , 11S , 3 , 3 , 3 , 3
1190 , 11S , 2 , 2 , 2 , 2
1191 , 11S , 1 , 1 , 1 , 1
1192 , 11S , 4 , 4 , 4 , 4
1193 , 11S , 3 , 3 , 3 , 3
1194 , 11S , 2 , 2 , 2 , 2
1195 , 11S , 1 , 1 , 1 , 1
1196 , 11S , 4 , 4 , 4 , 4
1197 , 11S , 3 , 3 , 3 , 3
1198 , 11S , 2 , 2 , 2 , 2
1199 , 11S , 1 , 1 , 1 , 1
